   0 GLN C   0.000   0.000   0.000 1 1 1 1  1 0
   1 THR E   7.057  10.394   0.000 1 1 1 1  1 0
   2 VAL E   6.710   9.449  13.140 0 0 0 0  1 0
   3 PRO E   6.552   9.752  12.974 0 0 0 0  0 0
   4 SER C   6.544   7.584  11.239 0 0 0 0  0 0
   5 SER C   5.407   5.140   5.159 0 0 0 0  0 0
   6 ASP C   5.485   7.378   5.152 0 0 0 0  0 0
   7 GLY C   5.723   9.048   9.571 0 0 0 1  1 0
   8 THR C   6.347   9.102  10.812 0 0 0 2  2 0
   9 PRO E   6.219   9.620  12.486 0 1 1 3  4 0
  10 ILE E   6.412   9.721  12.781 0 0 0 3  4 0
  11 ALA E   6.603  10.294  13.140 0 1 1 2  3 0
  12 PHE E   7.219  10.586  13.126 0 0 0 2  2 0
  13 GLU E   6.939  10.295  13.972 0 0 0 0  1 0
  14 ARG E   6.814  10.472  13.764 0 0 0 0  0 0
  15 SER E   7.061   9.189  12.947 0 0 0 0  0 0
  16 GLY E   6.872   9.856  11.521 0 0 0 0  0 0
  17 SER C   6.988   9.388  11.337 0 0 0 0  0 0
  18 GLY C   6.903   7.889   9.055 0 0 0 0  0 0
  19 PRO C   6.378   8.943   9.999 0 0 0 0  0 0
  20 PRO E   6.756  10.264  12.361 0 0 0 0  0 0
  21 VAL E   6.710  10.006  13.244 0 0 0 0  0 0
  22 VAL E   6.539   9.762  13.091 0 0 0 0  0 0
  23 LEU E   6.417   9.794  12.952 0 0 0 0  0 0
  24 VAL E   6.453   9.944  13.193 0 0 0 0  0 0
  25 GLY C   6.842  10.288  13.447 0 0 0 0  0 0
  26 GLY C   7.021   8.226  11.805 0 0 0 0  0 0
  27 ALA C   6.379   5.493   5.491 0 0 0 0  0 0
  28 LEU C   5.451   8.813   8.344 0 0 0 0  0 0
  29 SER C   6.826  10.355  11.725 0 0 0 1  1 0
  30 THR H   6.800   7.696  11.053 0 0 0 0  1 0
  31 ARG H   5.389   5.779   6.044 0 0 0 0  2 0
  32 ALA H   5.335   5.763   7.923 0 0 0 0  0 0
  33 GLY H   5.464   5.212   6.948 0 0 0 0  2 0
  34 GLY H   5.627   7.244   8.095 0 0 0 0  3 0
  35 ALA H   5.740   5.423   8.304 0 0 0 0  1 0
  36 PRO H   5.421   4.870   5.851 0 0 0 0  0 0
  37 LEU H   5.513   5.329   6.084 0 0 0 0  0 0
  38 ALA H   5.353   5.181   6.693 0 0 0 1  3 0
  39 GLU H   5.442   5.034   6.300 0 0 0 0  3 0
  40 ARG H   5.439   5.157   5.868 0 0 0 0  1 0
  41 LEU H   5.687   6.967   7.801 0 0 0 0  2 0
  42 ALA H   5.661   5.577   8.449 1 1 1 2  4 0
  43 PRO C   5.290   5.092   5.891 0 0 0 1  4 0
  44 HIS C   6.124   8.174   5.979 0 0 0 1  4 0
  45 PHE C   7.196   8.932   9.558 0 1 2 6  7 0
  46 THR E   5.719   9.349  12.712 0 2 3 7 10 0
  47 VAL E   6.734  10.078  12.189 0 0 1 5 11 0
  48 ILE E   6.561   9.997  13.241 0 0 2 3  9 0
  49 OCS E   6.529  10.278  13.652 0 0 0 4 11 0
  50 TYR E   7.192   9.679  12.356 1 1 2 3  8 0
  51 ASP C   6.335   9.297  12.959 0 0 2 3  6 0
  52 ARG C   6.354   7.993  11.577 0 0 0 0  4 0
  53 ARG C   6.435   5.759   5.708 0 0 0 0  2 0
  54 GLY C   5.467   8.238   7.758 0 0 0 0  0 0
  55 ARG C   7.125   8.133   8.661 0 0 0 1  3 0
  56 GLY C   6.230   5.636   5.925 0 0 0 2  5 0
  57 ASP C   5.637   8.417   7.309 0 0 0 1  3 0
  58 SER C   6.702   9.990  10.688 0 0 2 6  9 0
  59 GLY C   6.780  10.213  13.559 0 0 0 4  6 0
  60 ASP C   6.965  10.185  13.264 0 0 1 3  4 0
  61 THR C   6.527   8.928  12.680 0 0 0 1  3 0
  62 PRO C   6.338   7.220   8.456 0 0 0 0  0 0
  63 PRO C   5.068   8.260   9.839 0 0 0 0  0 0
  64 TYR C   6.478  10.107  11.483 0 0 0 0  0 0
  65 ALA H   6.864   8.505  10.847 0 0 0 0  0 0
  66 VAL H   5.232   5.363   7.003 0 0 0 0  0 0
  67 GLU H   5.344   5.348   7.208 0 0 0 0  0 0
  68 ARG H   5.431   5.008   6.537 0 0 0 0  4 0
  69 GLU H   5.441   4.963   6.177 0 0 0 0  3 0
  70 ILE H   5.207   4.730   6.170 0 0 0 0  1 0
  71 GLU H   5.369   5.132   6.228 0 0 0 0  3 0
  72 ASP H   5.388   4.830   6.184 0 0 0 1  7 0
  73 LEU H   5.360   5.157   6.241 0 0 0 0  1 0
  74 ALA H   5.377   4.995   6.386 0 0 0 0  2 0
  75 ALA H   5.427   5.109   6.120 0 0 0 1  5 0
  76 ILE H   5.503   4.990   6.241 0 0 0 0  7 0
  77 ILE H   5.183   4.800   6.289 0 0 0 0  2 0
  78 ASP H   5.358   4.838   6.211 0 0 0 0  1 0
  79 ALA H   5.208   5.070   6.494 0 0 0 0  2 0
  80 ALA H   5.387   6.825   4.057 0 0 0 1  5 0
  81 GLY C   6.008   6.857   9.049 0 0 0 0  2 0
  82 GLY C   5.908   7.524   6.728 0 1 1 2  2 0
  83 ALA C   6.942  10.668  11.090 0 0 0 1  3 0
  84 ALA E   7.282   9.386  12.322 0 0 0 2  6 0
  85 PHE E   6.166   9.754  13.131 0 0 1 1  3 0
  86 VAL E   6.939  10.069  12.358 0 0 1 3  4 0
  87 PHE E   6.354   9.953  13.552 0 0 1 1  4 0
  88 GLY E   6.739  10.124  13.041 0 0 1 2  4 0
  89 MSE E   6.714   7.767  11.566 0 0 0 2  4 0
  90 SER H   6.224   4.813   4.866 0 0 0 1  3 0
  91 SER H   5.181   5.174   4.916 0 1 1 2  3 0
  92 GLY H   5.147   4.950   6.984 0 1 3 4  5 0
  93 ALA H   5.303   4.930   6.441 1 1 2 2  6 0
  94 GLY H   5.360   4.909   6.045 0 0 0 0  2 0
  95 LEU H   5.419   5.154   6.065 0 0 0 0  4 0
  96 SER H   5.491   5.111   6.188 0 0 0 1  6 0
  97 LEU H   5.428   4.957   6.097 0 0 0 0  1 0
  98 LEU H   5.355   5.034   6.119 0 0 0 0  2 0
  99 ALA H   5.459   5.083   6.126 0 0 0 1  3 0
 100 ALA H   5.450   4.971   6.075 0 0 0 0  1 0
 101 ALA H   5.333   5.297   6.498 0 0 0 0  1 0
 102 SER H   5.433   7.628   5.444 0 0 0 0  1 0
 103 GLY C   6.029   9.492  10.240 0 0 0 0  1 0
 104 LEU C   6.415   7.962  10.253 0 0 0 2  3 0
 105 PRO C   5.656   8.930  10.464 0 0 1 1  6 0
 106 ILE E   6.123   9.273  11.234 0 0 0 3  5 0
 107 THR E   5.847   6.803  10.552 0 0 0 2  4 0
 108 ARG E   6.819  10.366  10.337 0 0 1 1  3 0
 109 LEU E   6.926  10.303  13.394 0 0 0 2  5 0
 110 ALA E   6.644  10.292  13.787 0 0 1 1  4 0
 111 VAL E   6.909  10.186  13.211 0 0 1 4  6 0
 112 PHE E   6.637   6.641  10.353 0 0 0 2  5 0
 113 GLU C   5.823   9.012  10.436 0 0 0 1  3 0
 114 PRO C   5.862   8.551  11.477 0 0 1 4  6 0
 115 PRO C   5.826   9.068  10.885 0 0 0 1  3 0
 116 TYR C   6.519   9.759  11.464 0 0 0 0  1 0
 117 ALA C   6.755   9.659  12.014 0 0 0 0  0 0
 118 VAL C   5.998   8.101  11.845 0 0 0 0  0 0
 119 ASP C   7.279   8.576   8.737 0 0 0 0  0 0
 120 ASP C   5.624   6.543   8.218 0 0 0 0  0 0
 121 SER C   5.186   6.884   9.441 0 0 0 0  0 0
 122 ARG C   6.303   8.866   7.711 0 0 0 0  1 0
 123 PRO C   6.326   8.622  11.904 0 0 0 0  0 0
 124 PRO C   6.404   9.078  11.986 0 0 0 0  1 0
 125 VAL C   6.174   8.414  11.957 0 0 0 0  0 0
 126 PRO C   6.296   8.362  11.242 0 0 0 0  0 0
 127 PRO C   5.315   5.174   6.794 0 0 0 0  0 0
 128 ASP H   5.574   7.947   8.767 0 0 0 0  0 0
 129 TYR H   5.699   5.327   8.805 0 0 0 0  1 0
 130 GLN H   5.540   5.265   5.998 0 0 0 0  0 0
 131 THR H   5.550   5.253   6.018 0 0 0 0  0 0
 132 ARG H   5.588   5.246   6.138 0 0 0 1  1 0
 133 LEU H   5.380   4.964   6.176 0 0 0 0  1 0
 134 ASP H   5.419   5.239   6.215 0 0 0 0  1 0
 135 ALA H   5.503   5.134   6.280 0 0 0 0  1 0
 136 LEU H   5.428   5.094   6.107 0 0 0 0  1 0
 137 LEU H   5.492   5.322   6.431 0 0 0 0  1 0
 138 ALA H   5.384   5.043   6.495 0 0 0 0  1 0
 139 GLU H   5.434   7.497   5.623 0 0 0 0  1 0
 140 GLY C   5.401   8.242   8.950 0 0 0 0  1 0
 141 ARG H   5.478   8.549  10.927 0 0 0 2  2 0
 142 ARG H   5.594   5.261   8.915 0 0 0 1  2 0
 143 GLY H   5.379   4.934   6.186 0 0 0 0  0 0
 144 ASP H   5.350   5.161   6.335 0 0 0 0  1 0
 145 ALA H   5.398   4.923   6.240 0 0 0 2  4 0
 146 VAL H   5.438   5.025   5.985 0 0 0 0  1 0
 147 THR H   5.384   5.074   6.106 0 0 0 0  1 0
 148 TYR H   5.510   5.149   6.133 0 0 0 1  2 0
 149 PHE H   5.436   5.274   6.055 0 0 0 0  2 0
 150 MSE H   5.728   5.537   5.448 0 0 0 0  1 0
 151 THR H   5.923   5.609   4.379 0 0 0 0  1 0
 152 GLU H   5.927   6.033   5.311 0 0 0 2  4 0
 153 GLY H   5.773   5.357   4.736 0 1 1 2  4 0
 154 VAL C   5.991   8.369   7.573 0 0 0 1  4 0
 155 GLY C   5.942   9.432  11.235 0 0 1 1  4 0
 156 VAL C   6.363   8.996  11.564 0 0 1 2  3 0
 157 PRO H   6.517   8.410  11.653 0 0 0 0  1 0
 158 PRO H   5.593   5.745   6.828 0 0 0 0  1 0
 159 ASP H   5.575   5.115   6.557 0 0 0 0  0 0
 160 LEU H   5.478   5.215   6.047 0 0 0 0  1 0
 161 VAL H   5.460   5.050   6.320 0 0 0 0  5 0
 162 ALA H   5.288   5.024   6.332 0 0 0 0  1 0
 163 GLN H   5.443   5.145   6.451 0 0 0 0  1 0
 164 MSE H   5.310   5.274   6.895 0 0 0 0  1 0
 165 GLN H   5.284   5.102   6.779 0 0 0 0  1 0
 166 GLN H   5.543   8.149   8.243 0 0 0 0  1 0
 167 ALA C   6.883   8.373   7.922 0 0 0 0  1 0
 168 PRO C   5.317   5.856   7.155 0 0 0 0  0 0
 169 MSE H   5.584   6.928   8.656 0 0 0 0  2 0
 170 TRP H   5.975   5.683   8.052 0 0 0 1  3 0
 171 PRO H   5.407   5.123   6.541 0 0 0 0  0 0
 172 GLY H   5.373   5.029   6.280 0 0 0 0  1 0
 173 MSE H   5.471   5.071   6.147 0 0 0 1  4 0
 174 GLU H   5.324   5.426   6.742 0 0 0 2  5 0
 175 ALA H   5.440   4.969   6.050 0 0 0 0  2 0
 176 VAL H   5.770   7.717   8.216 0 0 0 2  5 0
 177 ALA C   5.395   5.800   9.353 0 0 0 1  7 0
 178 HIS C   5.252   5.492   7.752 0 0 0 0  2 0
 179 THR H   5.625   7.031   8.550 0 0 0 0  4 0
 180 LEU H   5.426   5.128   8.305 0 0 0 0  4 0
 181 PRO H   5.284   5.317   6.842 0 0 0 0  3 0
 182 TYR H   5.461   4.893   6.390 0 0 0 0  3 0
 183 ASP H   5.357   5.106   6.223 0 0 0 1  4 0
 184 HIS H   5.293   4.950   6.333 0 0 0 0  1 0
 185 ALA H   5.508   5.236   6.203 0 0 0 0  3 0
 186 VAL H   5.425   5.104   6.096 0 0 0 1  5 0
 187 MSE H   5.652   9.073   8.225 0 0 0 0  6 0
 188 GLY H   6.114   5.259   9.000 0 0 0 0  1 0
 189 ASP C   5.415   7.094   7.814 0 0 0 0  1 0
 190 ASN C   5.551   8.734   8.884 0 1 1 2  3 0
 191 THR C   6.416   9.109  10.323 0 0 0 2  4 0
 192 ILE C   6.493   8.577  11.663 0 0 0 0  3 0
 193 PRO H   5.323   8.681  11.632 0 0 0 0  0 0
 194 THR H   5.711   5.597   8.848 0 0 0 0  0 0
 195 ALA H   5.429   5.172   6.256 0 0 0 0  0 0
 196 ARG H   5.714   5.399   5.875 0 0 0 1  1 0
 197 PHE H   5.483   5.371   6.773 0 0 0 0  4 0
 198 ALA H   5.175   5.366   7.223 0 0 0 1  1 0
 199 SER C   5.535   7.801   8.855 0 0 0 0  2 0
 200 ILE C   5.981   9.236  10.615 0 0 0 1  3 0
 201 SER C   5.917   8.653  11.955 0 0 0 0  0 0
 202 ILE C   6.785   8.385   8.670 0 0 0 1  4 0
 203 PRO C   6.106   9.869  12.088 0 0 0 1  3 0
 204 THR E   7.025  10.312  12.562 0 0 1 2  4 0
 205 LEU E   6.643   9.961  13.455 0 1 1 1  3 0
 206 VAL E   6.446  10.152  13.557 0 0 0 2  4 0
 207 MSE E   7.036  10.551  13.222 0 0 1 1  4 0
 208 ASP E   6.879  10.148  13.712 0 0 0 2  2 0
 209 GLY C   7.031   8.401  12.028 0 0 0 0  1 0
 210 GLY C   5.477   5.294   6.418 0 0 0 0  0 0
 211 ALA C   5.709   8.903   9.002 0 0 0 0  0 0
 212 SER C   6.427   9.102  10.512 0 0 0 0  1 0
 213 PRO H   6.411   7.943  11.401 0 0 0 0  0 0
 214 ALA H   5.429   5.458   5.999 0 0 0 0  2 0
 215 TRP H   5.448   5.164   6.715 0 0 0 2  6 0
 216 ILE H   5.426   5.122   6.303 0 0 0 1  7 0
 217 ARG H   5.418   5.092   6.234 0 0 0 0  3 0
 218 HIS H   5.442   5.065   6.106 0 0 0 0  3 0
 219 THR H   5.430   5.118   6.108 0 0 0 2  6 0
 220 ALA H   5.444   5.115   6.166 0 0 0 0  6 0
 221 GLN H   5.434   5.190   6.106 0 0 0 0  1 0
 222 GLU H   5.578   5.257   6.143 0 0 0 0  2 0
 223 LEU H   5.447   5.091   6.352 0 0 0 0  2 0
 224 ALA H   5.302   5.015   6.073 0 0 0 0  3 0
 225 ASP H   5.696   5.572   5.982 0 0 0 0  1 0
 226 THR H   5.623   6.634   7.545 0 0 0 1  4 0
 227 ILE H   5.967   8.824   8.499 0 0 1 3  7 0
 228 PRO C   5.799   5.640   8.182 0 0 0 0  5 0
 229 ASN C   5.773   9.083   8.877 0 0 0 1  5 0
 230 ALA E   7.036  10.457  11.798 0 1 2 3  6 0
 231 ARG E   6.813   9.966  13.535 0 0 0 2  4 0
 232 TYR E   6.612  10.237  13.443 0 0 1 3  6 0
 233 VAL E   6.865   9.818  12.673 0 0 1 1  4 0
 234 THR E   6.215   9.475  13.183 0 0 1 3  4 0
 235 LEU C   6.741   8.984  11.973 0 0 1 1  4 0
 236 GLU C   5.778   9.079  11.772 0 0 0 0  2 0
 237 ASN C   6.159   9.054  10.991 0 0 0 1  2 0
 238 GLN C   5.729   7.280  10.605 0 0 0 0  1 0
 239 THR C   7.040   8.034   7.171 0 0 0 0  2 0
 240 HIS C   5.494   7.243   8.049 0 0 0 1  2 0
 241 THR C   6.435   9.328   9.083 0 0 0 0  1 0
 242 VAL C   6.072   9.613  12.888 0 0 0 1  2 0
 243 ALA H   6.702   8.216  11.205 0 0 0 0  1 0
 244 PRO H   5.454   5.477   6.310 0 0 1 1  3 0
 245 ASP H   5.423   5.318   7.022 0 0 0 0  2 0
 246 ALA H   5.406   5.347   5.812 0 0 0 1  4 0
 247 ILE H   6.158   6.989   6.732 0 0 0 0  4 0
 248 ALA H   5.849   5.528   7.607 0 0 0 1  4 0
 249 PRO H   5.417   5.065   6.295 0 0 0 0  1 0
 250 VAL H   5.452   5.036   6.010 0 0 0 0  1 0
 251 LEU H   5.479   5.240   6.189 0 0 0 0  2 0
 252 VAL H   5.411   5.062   6.162 0 0 0 0  3 0
 253 GLU H   5.567   5.354   5.844 0 0 0 0  1 0
 254 PHE H   5.683   5.471   5.970 0 0 0 0  2 0
 255 PHE H   5.659   0.000   0.000 0 0 0 1  3 0
 256 THR H   0.000   0.000   0.000 0 0 0 1  1 0
   0 MET C   0.000   0.000   0.000 1 1 1 1  1 0
   1 VAL E   6.987  10.239   0.000 1 1 1 1  1 0
   2 ARG E   6.650   9.730  13.287 0 0 0 0  1 0
   3 GLY E   6.487   9.809  13.034 0 0 0 0  0 0
   4 ILE E   6.469   9.916  13.156 0 0 0 0  0 0
   5 ARG E   6.717  10.375  13.280 0 0 0 0  0 0
   6 GLY E   6.979  10.623  13.742 0 0 0 0  0 0
   7 ALA E   7.050  10.667  14.055 0 0 0 0  0 0
   8 ILE E   7.081  10.421  13.785 0 0 0 0  0 0
   9 THR E   6.941  10.424  13.907 0 0 0 0  0 0
  10 VAL C   6.878   9.140  12.466 0 0 0 0  0 0
  11 GLU C   5.679   7.446  10.374 0 0 0 0  0 0
  12 GLU C   7.180   8.959   8.962 0 0 0 0  0 0
  13 ASP C   5.734   8.955  11.495 0 0 0 0  0 0
  14 THR H   6.895   8.670   9.185 0 0 0 0  0 0
  15 PRO H   5.480   5.397   6.988 0 0 0 0  0 0
  16 GLU H   5.412   5.092   6.203 0 0 0 0  0 0
  17 ALA H   5.672   5.379   5.682 0 0 0 0  4 0
  18 ILE H   5.564   5.372   6.079 0 0 0 0  3 0
  19 HIS H   5.577   5.284   6.156 0 0 0 1  1 0
  20 GLN H   5.496   5.168   6.108 0 0 0 0  1 0
  21 ALA H   5.482   5.261   6.172 0 0 0 0  4 0
  22 THR H   5.544   5.169   6.169 0 0 0 0  2 0
  23 ARG H   5.450   5.169   6.087 0 0 0 0  1 0
  24 GLU H   5.548   5.317   6.080 0 0 0 0  1 0
  25 LEU H   5.608   5.437   6.253 0 0 0 0  4 0
  26 LEU H   5.549   5.149   6.207 0 0 0 0  2 0
  27 LEU H   5.455   5.135   6.118 0 0 0 0  1 0
  28 LYS H   5.456   5.195   6.342 0 0 0 0  1 0
  29 MET H   5.414   5.012   6.131 0 0 0 0  4 0
  30 LEU H   5.545   5.266   5.886 0 0 0 0  1 0
  31 GLU H   5.579   5.415   6.458 0 0 0 0  1 0
  32 ALA H   5.373   5.153   6.242 0 0 0 1  1 0
  33 ASN H   5.784   7.959   6.286 0 0 0 0  1 0
  34 GLY C   5.547   9.104  11.017 0 0 0 0  1 0
  35 ILE C   6.276   9.400  11.347 0 0 0 1  2 0
  36 GLN C   5.904   7.635  11.384 0 0 0 0  1 0
  37 SER H   7.092   8.407   9.292 0 0 0 0  0 0
  38 TYR H   5.048   5.761   7.675 0 0 0 0  0 0
  39 GLU H   5.231   5.510   7.961 0 0 0 0  0 0
  40 GLU C   5.388   7.552   8.780 0 0 0 0  2 0
  41 LEU E   6.476   9.128   9.692 0 0 0 0  1 0
  42 ALA E   5.459   7.308  11.071 0 0 0 0  0 0
  43 ALA E   7.211  10.261  10.963 0 0 0 0  0 0
  44 VAL E   6.725  10.180  13.744 0 0 0 0  0 0
  45 ILE E   6.675  10.293  13.648 0 0 0 0  0 0
  46 PHE E   6.957  10.428  13.444 0 0 0 0  0 0
  47 THR E   6.795  10.312  13.776 0 0 0 0  0 0
  48 VAL E   6.827   9.509  12.952 0 0 0 0  0 0
  49 THR C   6.504   7.978  11.629 0 0 0 0  0 0
  50 GLU C   5.440   5.763   6.256 0 0 0 0  0 0
  51 ASP C   5.451   6.972   8.407 0 0 0 0  1 0
  52 LEU C   6.426   9.116  10.517 0 0 0 1  3 0
  53 THR C   6.005   7.528  11.246 0 0 0 0  1 0
  54 SER C   5.783   7.854   9.337 0 0 0 3  3 0
  55 ALA C   7.308   9.798  10.154 0 0 0 1  4 0
  56 PHE H   6.388   8.704  12.423 0 0 0 0  0 0
  57 PRO H   5.280   5.428   7.639 0 0 0 0  4 0
  58 ALA H   5.367   5.219   7.192 0 0 0 0  1 0
  59 GLU H   5.316   4.851   6.443 0 0 0 0  2 0
  60 ALA H   5.386   5.065   6.255 0 0 1 2  6 0
  61 ALA H   5.274   4.947   6.458 0 0 0 0  4 0
  62 ARG H   5.381   5.405   6.866 0 0 0 0  1 0
  63 GLN H   5.193   4.581   6.511 0 0 0 0  2 0
  64 ILE H   5.417   7.375   4.597 0 0 0 0  2 0
  65 GLY H   6.010   8.683   8.757 0 0 0 0  1 0
  66 MET H   5.514   7.805  11.116 0 0 1 2  3 0
  67 HIS H   5.462   5.102   8.651 0 0 0 1  2 0
  68 ARG H   5.589   7.497   7.912 0 0 0 0  0 0
  69 VAL H   6.314   8.954   8.599 0 0 0 1  6 0
  70 PRO C   6.209   9.956  12.598 0 0 1 1  4 0
  71 LEU E   7.003  10.596  13.085 0 0 1 3  5 0
  72 LEU E   6.974  10.542  13.979 0 0 1 1  4 0
  73 SER E   7.013  10.719  14.064 0 0 1 3  7 0
  74 ALA E   7.166   9.745  13.048 0 0 1 1  4 0
  75 ARG E   6.723   9.960  13.321 0 0 0 3  4 0
  76 GLU C   6.830   8.826  12.492 0 0 1 3  4 0
  77 VAL C   6.353   8.856  12.040 0 0 0 0  2 0
  78 PRO C   5.812   9.455  12.243 0 0 0 0  2 0
  79 VAL C   6.439   8.750  11.592 0 0 0 0  0 0
  80 PRO C   6.312   5.528   7.384 0 0 0 0  0 0
  81 GLY C   5.514   8.841   8.691 0 0 0 0  0 0
  82 SER C   6.608   8.422   9.893 0 0 0 0  1 0
  83 LEU C   6.377   9.662  12.107 0 0 0 0  0 0
  84 PRO C   6.827   6.898   9.675 0 0 0 0  3 0
  85 ARG C   5.822   9.533  10.531 0 0 0 4 10 0
  86 VAL E   6.833   9.869  11.679 0 0 1 4  7 0
  87 ILE E   6.240   9.853  13.394 0 0 1 4 10 0
  88 ARG E   6.741  10.386  13.200 0 1 1 4  7 0
  89 VAL E   6.963   9.968  12.905 0 0 2 4  9 0
  90 LEU E   6.254   9.732  13.279 0 0 1 4  7 0
  91 ALA E   6.427   9.365  12.221 0 1 2 3  8 0
  92 LEU E   6.070   9.726  12.938 0 0 1 6  8 0
  93 TRP E   6.773   9.248  11.704 0 0 1 6  8 0
  94 ASN E   5.818   9.131  12.112 0 0 1 2  6 0
  95 THR C   7.189   8.906   9.360 0 0 0 1  4 0
  96 ASP C   5.412   8.590  11.676 0 0 0 0  3 0
  97 THR C   6.247   8.798  10.144 0 0 0 0  1 0
  98 PRO H   6.433   8.245  11.439 0 0 0 0  0 0
  99 GLN H   5.485   5.311   6.331 0 0 0 0  1 0
 100 ASP H   5.492   5.599   6.775 0 0 0 0  0 0
 101 ARG H   5.621   7.939   8.939 0 0 0 0  1 0
 102 VAL H   6.274   9.544  10.123 0 0 0 0  5 0
 103 ARG C   6.544   9.931  12.755 0 0 0 1  4 0
 104 HIS C   6.532   9.929  13.263 0 0 1 3  5 0
 105 VAL E   6.787  10.066  12.746 0 0 1 2  7 0
 106 TYR E   6.406  10.178  13.729 0 0 1 2  3 0
 107 LEU E   7.094   8.104  11.805 0 0 1 1  5 0
 108 ARG H   6.306   5.343   5.397 0 0 0 2  2 0
 109 GLU H   5.412   6.249   5.633 0 0 0 1  2 0
 110 ALA H   5.262   5.863   8.631 0 0 0 4  6 0
 111 VAL H   5.075   5.414   8.061 0 0 1 2  2 0
 112 ARG H   5.390   5.762   7.628 0 0 0 0  0 0
 113 LEU H   5.549   5.960   6.669 0 0 0 0  2 0
 114 ARG H   6.394   8.906   9.492 0 0 0 0  2 0
 115 PRO H   5.283   5.634   9.213 0 0 0 0  1 0
 116 ASP H   5.311   5.429   7.557 0 0 0 0  0 0
 117 LEU H   5.403   7.259   8.487 0 0 0 0  0 0
 118 GLU H   6.103   9.771  10.393 0 0 0 0  1 0
 119 SER C   7.005   0.000   0.000 0 0 0 0  0 0
 120 ALA C   0.000   0.000   0.000 0 0 0 0  0 0
   0 GLY H   0.000   0.000   0.000 1 1 1 1  1 0
   1 THR H   5.842   5.557   0.000 1 1 1 1  1 0
   2 PHE H   5.412   5.070   6.236 0 0 0 1  1 0
   3 GLU H   5.582   5.215   6.063 0 0 0 1  1 0
   4 ARG H   5.385   5.161   6.165 0 0 0 0  1 0
   5 LEU H   5.599   5.216   6.256 0 0 0 0  1 0
   6 LEU H   5.325   4.866   6.161 0 0 0 0  1 0
   7 ASP H   5.416   5.096   6.032 0 0 0 0  1 0
   8 LYS H   5.504   5.349   6.231 0 0 0 0  1 0
   9 ALA H   5.585   5.380   6.014 0 0 0 0  1 0
  10 THR H   5.785   9.047   9.091 0 0 0 0  1 0
  11 SER C   6.504   8.522   9.642 0 0 0 0  1 0
  12 GLN C   5.180   5.787   7.636 0 0 0 0  0 0
  13 LEU C   5.558   8.360   9.444 0 0 0 0  0 0
  14 LEU C   6.674   9.228  10.191 0 0 0 0  2 0
  15 LEU C   5.522   7.054  10.714 0 0 0 0  0 0
  16 GLU C   7.104   8.841   7.516 0 0 0 0  0 0
  17 THR C   6.372   8.757  11.903 0 0 0 0  1 0
  18 ASP H   5.695   8.801  11.406 0 0 0 1  3 0
  19 TRP H   5.511   5.639   9.054 0 0 0 0  1 0
  20 GLU H   5.461   4.957   6.300 0 0 0 0  0 0
  21 SER H   5.564   5.473   5.971 0 0 0 2  4 0
  22 ILE H   5.541   5.098   6.277 0 0 0 0  4 0
  23 LEU H   5.444   5.090   6.206 0 0 0 1  1 0
  24 GLN H   5.336   4.908   6.303 0 0 0 0  2 0
  25 ILE H   5.380   4.999   6.117 0 0 0 0  4 0
  26 CYS H   5.461   5.190   6.235 0 0 0 0  1 0
  27 ASP H   5.503   5.311   6.491 0 0 0 0  1 0
  28 LEU H   5.414   5.018   6.181 0 0 0 0  2 0
  29 ILE H   5.577   5.200   5.911 0 0 0 0  1 0
  30 ARG H   5.422   5.130   6.155 0 0 0 0  1 0
  31 GLN H   5.510   7.737   5.979 0 0 0 1  1 0
  32 GLY C   5.524   7.812   8.314 0 0 0 0  1 0
  33 ASP C   5.445   6.285   9.476 0 0 0 2  2 0
  34 THR C   6.669   9.379   8.223 0 0 0 2  3 0
  35 GLN H   6.407   8.799  12.164 0 0 0 0  1 0
  36 ALA H   5.639   5.561   7.493 0 0 0 0  1 0
  37 LYS H   5.525   4.913   6.091 0 0 0 0  0 0
  38 TYR H   5.405   5.304   5.883 0 0 0 0  1 0
  39 ALA H   5.610   5.114   5.963 0 0 0 0  4 0
  40 VAL H   5.447   5.121   6.059 0 0 0 1  1 0
  41 ASN H   5.317   5.014   6.303 0 0 0 1  1 0
  42 SER H   5.497   5.045   6.012 0 0 0 0  1 0
  43 ILE H   5.488   5.337   6.384 0 0 0 0  2 0
  44 LYS H   5.407   5.254   6.944 0 0 0 0  1 0
  45 LYS H   5.315   4.895   6.365 0 0 0 0  1 0
  46 LYS H   5.589   5.476   6.420 0 0 0 0  2 0
  47 VAL H   5.300   5.228   6.913 0 0 0 0  1 0
  48 ASN H   5.597   8.735   8.960 0 0 0 0  1 0
  49 ASP C   6.533   8.630   9.321 0 0 0 0  1 0
  50 LYS C   5.385   7.011   8.936 0 0 0 0  0 0
  51 ASN H   6.094   8.860   8.803 0 0 0 0  0 0
  52 PRO H   5.541   5.460   7.969 0 0 0 0  0 0
  53 HIS H   5.404   4.849   6.300 0 0 0 0  2 0
  54 VAL H   5.429   5.195   5.908 0 0 0 1  7 0
  55 ALA H   5.567   5.243   6.137 0 1 1 3  7 0
  56 LEU H   5.555   5.066   6.064 0 0 0 1  2 0
  57 TYR H   5.368   5.067   6.202 0 0 0 1  5 0
  58 ALA H   5.422   5.076   6.423 0 0 0 3  7 0
  59 LEU H   5.317   4.991   6.454 0 0 0 1  3 0
  60 GLU H   5.368   4.829   6.221 0 0 0 0  2 0
  61 VAL H   5.281   4.862   6.058 0 0 0 0  4 0
  62 MET H   5.407   5.227   6.284 0 0 0 0  4 0
  63 GLU H   5.458   5.301   6.233 0 0 0 0  1 0
  64 SER H   5.758   5.420   6.176 0 0 0 0  4 0
  65 VAL H   5.391   4.985   6.178 0 0 0 1  4 0
  66 VAL H   5.510   5.244   5.928 0 0 0 0  1 0
  67 LYS H   5.632   5.796   5.354 0 0 0 0  1 0
  68 ASN H   6.296   7.287   6.728 0 0 0 1  2 0
  69 CYS H   6.165   9.742  10.075 0 0 0 2  5 0
  70 GLY H   7.005   7.041  10.617 0 0 0 0  2 0
  71 GLN H   5.614   5.813   6.051 0 0 0 0  0 0
  72 THR H   5.291   4.650   6.206 0 0 0 0  1 0
  73 VAL H   5.689   5.582   5.837 0 0 0 1  6 0
  74 HIS H   5.295   5.192   7.115 0 0 0 0  3 0
  75 ASP H   5.325   5.301   6.724 0 0 0 1  1 0
  76 GLU H   5.690   5.643   5.662 0 0 0 0  4 0
  77 VAL H   6.094   6.722   6.895 0 0 0 0  2 0
  78 ALA H   5.590   8.482   9.793 0 0 0 1  1 0
  79 ASN H   7.126   8.754   8.394 0 0 0 0  1 0
  80 LYS H   5.725   5.658   7.003 0 0 0 0  0 0
  81 GLN H   5.516   5.168   6.271 0 0 0 0  0 0
  82 THR H   5.627   5.313   6.097 0 0 0 1  3 0
  83 MET H   5.387   5.010   6.287 0 0 0 0  3 0
  84 GLU H   5.439   5.114   6.193 0 0 0 0  1 0
  85 GLU H   5.421   4.990   6.065 0 0 0 0  1 0
  86 LEU H   5.512   5.086   6.072 0 0 0 0  1 0
  87 LYS H   5.292   4.835   6.022 0 0 0 0  1 0
  88 ASP H   5.504   5.193   5.872 0 0 0 0  1 0
  89 LEU H   5.464   5.126   6.223 0 0 0 0  2 0
  90 LEU H   5.346   5.371   6.456 0 0 0 1  1 0
  91 LYS H   5.661   5.376   5.846 0 0 0 0  1 0
  92 ARG H   5.874   8.456   8.564 0 0 0 0  1 0
  93 GLN H   6.419   9.291  10.764 0 0 0 1  1 0
  94 VAL C   5.650   7.828  11.241 0 0 0 0  0 0
  95 GLU H   6.449   9.274   9.691 0 0 0 0  1 0
  96 VAL H   5.766   5.695   8.395 0 0 0 0  0 0
  97 ASN H   5.489   4.966   6.300 0 0 0 0  1 0
  98 VAL H   5.421   5.074   5.977 0 0 0 1  4 0
  99 ARG H   5.485   5.193   6.185 0 0 0 1  4 0
 100 ASN H   5.500   5.324   6.365 0 0 0 1  1 0
 101 LYS H   5.540   5.184   6.452 0 0 0 0  3 0
 102 ILE H   5.363   4.874   6.108 0 0 0 0  4 0
 103 LEU H   5.451   5.229   6.132 0 0 0 0  1 0
 104 TYR H   5.484   5.272   6.179 0 0 0 0  1 0
 105 LEU H   5.723   5.358   6.161 0 0 0 0  2 0
 106 ILE H   5.328   4.911   6.053 0 0 0 0  1 0
 107 GLN H   5.561   5.304   5.863 0 0 0 0  1 0
 108 ALA H   5.563   5.195   5.923 0 0 0 0  1 0
 109 TRP H   5.588   5.415   6.441 0 0 0 1  1 0
 110 ALA H   5.233   4.739   6.224 0 0 0 1  1 0
 111 HIS H   5.622   5.417   5.888 0 0 0 0  1 0
 112 ALA H   5.505   5.263   6.233 0 0 0 0  1 0
 113 PHE H   5.696   7.876   8.723 0 0 0 1  1 0
 114 ARG C   5.593   5.363   8.823 0 0 0 0  1 0
 115 ASN C   5.669   7.529   7.990 0 0 0 0  0 0
 116 GLU H   6.450   9.195   9.962 0 0 0 0  0 0
 117 PRO H   5.499   5.512   8.662 0 0 0 0  1 0
 118 LYS H   5.245   5.148   6.852 0 0 0 0  0 0
 119 TYR H   5.767   7.924   8.641 0 0 0 1  4 0
 120 LYS H   5.573   6.265   9.772 0 0 0 0  5 0
 121 VAL H   5.365   5.427   7.933 0 0 0 0  4 0
 122 VAL H   5.593   4.765   6.176 0 0 0 2  7 0
 123 GLN H   5.300   5.039   6.023 0 1 1 1  8 0
 124 ASP H   5.401   5.002   6.245 0 0 0 0  1 0
 125 THR H   5.553   5.329   6.314 0 0 0 0  3 0
 126 TYR H   5.403   5.017   6.385 0 0 0 0  4 0
 127 GLN H   5.520   5.221   6.127 0 0 0 0  1 0
 128 ILE H   5.452   5.224   6.357 0 0 0 0  1 0
 129 MET H   5.463   5.125   6.369 0 0 0 0  1 0
 130 LYS H   5.387   5.032   6.284 0 0 0 0  1 0
 131 VAL H   5.368   5.196   6.606 0 0 0 0  1 0
 132 GLU H   5.355   7.463   5.138 0 0 0 0  1 0
 133 GLY H   6.068   9.484   9.945 0 0 0 0  1 0
 134 HIS C   6.385   9.360  11.635 0 0 0 2  3 0
 135 VAL C   6.131   9.670  12.900 0 0 0 0  1 0
 136 PHE C   6.743   9.218  12.392 0 0 0 1  5 0
 137 PRO C   6.463   8.107  11.505 0 0 0 0  3 0
 138 GLU C   6.177   9.106  11.621 0 0 0 0  0 0
 139 PHE C   6.628  10.025  12.430 0 0 0 0  2 0
 140 LYS H   6.554   8.544  11.610 0 0 0 0  0 0
 141 GLU H   5.173   5.512   7.400 0 0 0 0  0 0
 142 SER H   5.377   5.719   7.677 0 0 0 0  0 0
 143 ASP H   5.578   5.380   6.736 0 0 0 1  2 0
 144 ALA H   5.802   8.164   8.695 0 0 1 2  6 0
 145 MET H   6.054   9.755  11.408 0 0 0 0  3 0
 146 PHE C   6.872   9.147  12.066 0 0 1 1  4 0
 147 ALA C   6.396   9.026  12.343 0 0 0 1  4 0
 148 ALA C   6.303   9.367  12.545 0 0 0 0  1 0
 149 GLU C   6.697   9.000  12.349 0 0 0 1  2 0
 150 ARG C   6.341   9.092  12.323 0 0 0 0  0 0
 151 ALA C   6.299   8.828  12.209 0 0 0 0  0 0
 152 PRO C   6.675   9.084  12.035 0 0 0 0  0 0
 153 ASP C   6.331   9.119  12.423 0 0 0 0  0 0
 154 TRP C   6.694   9.959  12.717 0 0 0 0  0 0
 155 VAL C   6.761  10.070  13.269 0 0 0 0  0 0
 156 ASP C   6.610  10.288  13.501 0 0 0 0  0 0
 157 ALA C   7.170   8.840  11.047 0 0 0 0  0 0
 158 GLU C   5.667   7.524   9.650 0 0 0 0  0 0
 159 GLU C   7.178   9.088   8.122 0 0 0 0  0 0
 160 CYS C   6.311   8.622  12.059 0 0 0 0  0 0
 161 HIS C   5.430   5.642   8.038 0 0 0 0  0 0
 162 ARG C   6.219   5.820   4.459 0 0 0 0  0 0
 163 CYS C   5.811   8.381   8.456 0 0 0 0  0 0
 164 ARG C   5.621   9.089  11.127 0 1 2 2  2 0
 165 VAL C   6.222   8.823  11.079 0 0 0 2  2 0
 166 GLN C   6.414   9.319  12.281 0 1 1 2  3 0
 167 PHE C   6.463  10.034  12.385 0 0 0 2  3 0
 168 GLY C   7.259   7.755   9.909 0 0 0 0  0 0
 169 VAL C   5.579   4.981   5.041 0 0 0 0  0 0
 170 MET C   5.760   6.586   6.192 0 0 0 0  0 0
 171 THR C   6.228   9.848   9.643 0 0 0 1  2 0
 172 ARG C   6.763   9.453  12.585 0 0 0 1  2 0
 173 LYS C   6.546  10.252  12.992 0 0 0 0  2 0
 174 HIS E   6.999  10.492  13.486 0 0 0 0  0 0
 175 HIS E   7.082   9.576  13.078 0 0 0 0  1 0
 176 CYS C   6.152   8.851  12.424 0 0 0 0  0 0
 177 ARG C   5.467   5.739   8.432 0 0 0 0  2 0
 178 ALA C   5.842   5.392   5.024 0 0 0 0  2 0
 179 CYS C   5.995   8.470   8.066 0 0 0 0  3 0
 180 GLY C   5.645   9.052  11.103 0 1 1 5  7 0
 181 GLN C   6.640   9.510  11.063 0 0 0 3  6 0
 182 ILE E   6.697  10.390  12.948 0 0 1 4 11 0
 183 PHE E   7.194   9.718  12.443 0 1 1 4  8 0
 184 CYS C   6.386   7.889  11.629 0 0 0 3  8 0
 185 GLY C   5.499   5.473   5.846 0 0 0 0  4 0
 186 LYS C   5.410   5.092   6.376 0 0 0 0  0 0
 187 CYS C   5.640   5.804   5.907 0 0 0 1  4 0
 188 SER C   6.009   8.382   9.318 0 0 0 0  5 0
 189 SER C   5.706   8.320  11.656 0 0 0 1  1 0
 190 LYS E   6.850  10.291  11.070 0 0 0 0  0 0
 191 TYR E   6.796  10.473  13.781 0 0 0 0  0 0
 192 SER E   7.146   9.617  12.341 0 0 0 0  0 0
 193 THR E   6.341   9.381  12.928 0 0 0 0  0 0
 194 ILE E   6.054   9.041  11.839 0 0 0 0  1 0
 195 PRO H   5.616   5.732   9.023 0 0 0 0  1 0
 196 LYS H   5.388   4.907   6.522 0 0 0 2  3 0
 197 PHE H   5.560   7.390   5.412 0 0 1 4  4 0
 198 GLY H   5.409   8.583   9.299 0 0 0 1  3 0
 199 ILE E   6.036   9.099  11.001 0 0 1 3  3 0
 200 GLU E   5.712   7.704  11.336 0 0 0 1  3 0
 201 LYS E   6.662   8.664   7.969 0 0 0 1  3 0
 202 GLU E   6.092   9.867  12.261 0 2 2 3  4 0
 203 VAL E   6.995   9.015  11.965 0 0 1 2  6 0
 204 ARG E   6.444  10.188  12.545 0 0 1 3  8 0
 205 VAL E   7.089   9.708  12.373 0 1 1 5 10 0
 206 CYS H   6.558   8.318  11.994 0 1 1 2  6 0
 207 GLU H   5.761   5.438   6.181 0 0 0 0  4 0
 208 PRO H   5.446   4.953   6.105 0 0 0 0  0 0
 209 CYS H   5.416   5.269   6.289 0 0 0 0  3 0
 210 TYR H   5.451   5.075   6.273 0 0 0 0  5 0
 211 GLU H   5.569   5.158   6.052 0 0 0 0  1 0
 212 GLN H   5.333   5.186   6.070 0 0 0 0  1 0
 213 LEU H   5.768   6.153   6.319 0 0 0 0  4 0
 214 ASN H   5.948   0.000   0.000 0 0 0 0  2 0
 215 ARG C   0.000   0.000   0.000 0 0 0 0  2 0
   0 SER C   0.000   0.000   0.000 1 1 1 1  1 0
   1 THR H   6.596   7.847   0.000 1 1 1 1  1 0
   2 GLU H   5.333   5.151   5.669 0 0 0 0  1 0
   3 LYS H   5.582   5.098   6.078 0 0 0 0  1 0
   4 GLU H   5.388   5.053   6.077 0 0 0 1  1 0
   5 LYS H   5.402   5.287   6.375 0 0 0 1  2 0
   6 MET H   5.522   5.044   6.130 0 0 0 0  1 0
   7 ILE H   5.489   5.433   6.218 0 0 0 0  1 0
   8 ALA H   5.600   7.628   5.772 0 0 0 0  1 0
   9 GLY H   5.651   8.997   9.833 0 0 0 0  1 0
  10 GLU C   6.810   8.543   9.747 0 0 1 2  2 0
  11 LEU C   6.253  10.016  11.923 0 0 0 0  2 0
  12 TYR E   7.180   9.695  11.923 0 0 0 3  4 0
  13 ARG E   6.429   8.923  12.429 0 0 0 0  1 0
  14 SER C   5.343   5.717   8.342 0 0 0 0  1 0
  15 ALA C   5.202   8.176   9.471 0 0 0 0  0 0
  16 ASP H   6.126   8.461   8.975 0 0 0 0  2 0
  17 GLU H   5.623   5.429   7.024 0 0 0 0  0 0
  18 THR H   5.639   5.112   6.070 0 0 0 0  1 0
  19 LEU H   5.368   5.196   6.301 0 0 0 0  4 0
  20 SER H   5.486   4.917   6.192 0 0 0 0  3 0
  21 ARG H   5.370   5.193   6.190 0 0 0 0  1 0
  22 ASP H   5.462   5.205   6.472 0 0 0 0  1 0
  23 ARG H   5.477   5.194   6.358 0 0 0 0  1 0
  24 LEU H   5.430   5.153   6.372 0 0 0 0  1 0
  25 ARG H   5.450   5.087   6.255 0 0 0 0  1 0
  26 ALA H   5.420   5.122   6.186 0 0 0 0  1 0
  27 ARG H   5.459   5.244   6.444 0 0 0 0  1 0
  28 GLN H   5.381   4.915   6.133 0 0 0 0  1 0
  29 LEU H   5.516   5.210   5.935 0 0 0 0  1 0
  30 ILE H   5.479   5.262   6.489 0 0 0 0  1 0
  31 HIS H   5.354   4.853   6.278 0 0 0 1  1 0
  32 ARG H   5.402   5.283   5.983 0 0 0 0  1 0
  33 TYR H   5.643   5.499   6.269 0 0 0 0  1 0
  34 ASN H   5.615   5.303   6.098 0 0 0 1  1 0
  35 HIS H   5.596   8.649   8.928 0 0 0 0  1 0
  36 SER H   6.428   8.928   9.977 0 0 0 0  1 0
  37 LEU C   6.452   8.050  11.401 0 0 0 0  0 0
  38 ALA C   5.428   5.325   6.126 0 0 0 0  0 0
  39 GLU C   5.806   7.368   8.319 0 0 0 0  0 0
  40 GLU H   5.534   8.355  10.694 0 0 0 0  1 0
  41 HIS H   5.513   5.464   9.250 0 0 0 0  0 0
  42 THR H   5.586   5.162   6.408 0 0 0 0  0 0
  43 LEU H   5.395   5.122   6.317 0 0 0 0  2 0
  44 ARG H   5.387   5.117   6.419 0 0 0 1  3 0
  45 GLN H   5.504   5.131   6.207 0 0 0 0  1 0
  46 GLN H   5.469   5.308   6.352 0 0 0 0  1 0
  47 ILE H   5.501   5.175   6.470 0 0 0 0  3 0
  48 LEU H   5.438   5.085   6.282 0 0 0 0  1 0
  49 ALA H   5.393   4.968   6.034 0 0 0 0  1 0
  50 ASP H   5.567   5.837   5.863 0 0 0 0  1 0
  51 LEU H   6.131   8.387   8.122 0 0 0 0  3 0
  52 PHE H   6.922   8.673   9.284 0 0 0 1  1 0
  53 GLY C   5.278   6.340   9.096 0 0 0 0  0 0
  54 GLN C   6.957  10.561   9.974 0 0 0 0  1 0
  55 VAL C   7.040  10.073  13.327 0 0 0 0  2 0
  56 THR C   6.406   6.765  10.301 0 0 0 0  1 0
  57 GLU C   6.240   9.930  10.292 0 0 0 0  0 0
  58 ALA E   7.026  10.182  12.360 0 0 0 0  1 0
  59 TYR E   6.462  10.004  13.560 0 0 0 0  1 0
  60 ILE E   6.646   9.696  12.583 0 0 0 0  0 0
  61 GLU C   6.372   8.128  11.804 0 0 0 0  0 0
  62 PRO C   6.140   7.222   7.340 0 0 0 1  2 0
  63 THR C   5.315   8.934  11.035 0 0 0 1  2 0
  64 PHE E   6.811  10.466  12.259 0 0 0 0  4 0
  65 ARG E   7.027  10.678  13.900 0 0 0 0  1 0
  66 CYS E   7.167   9.559  12.410 0 0 0 0  3 0
  67 ASP C   6.094   6.106   9.017 0 0 0 1  3 0
  68 TYR C   6.218   8.924   9.605 0 0 0 2  5 0
  69 GLY C   5.542   6.451   8.785 0 0 2 2  4 0
  70 TYR C   5.495   5.664   8.228 0 1 2 2  4 0
  71 ASN C   5.508   7.714   8.879 0 0 0 1  3 0
  72 ILE E   6.461   9.955  10.807 0 0 0 2  3 0
  73 PHE E   6.517  10.129  13.288 0 1 1 2  4 0
  74 LEU E   6.846  10.077  13.086 0 0 0 2  3 0
  75 GLY C   6.636   8.564  12.331 0 0 0 0  3 0
  76 ASN C   6.742   6.624   6.786 0 0 0 2  4 0
  77 ASN C   5.762   9.483  10.335 0 0 1 2  4 0
  78 PHE E   6.732  10.376  12.631 0 0 1 1  4 0
  79 PHE E   6.905  10.349  13.408 0 0 1 3  3 0
  80 ALA E   6.708  10.078  13.514 0 0 1 1  3 0
  81 ASN C   6.784   8.359  12.074 0 0 0 1  3 0
  82 PHE C   6.635   6.844   6.884 0 0 1 3  5 0
  83 ASP C   5.992   9.632  10.557 0 1 1 3  5 0
  84 CYS E   6.650  10.210  12.733 0 0 0 1  4 0
  85 VAL E   6.931  10.236  13.120 0 0 1 3  3 0
  86 MET E   6.537   9.265  12.556 0 0 1 1  3 0
  87 LEU E   5.670   9.170  12.486 0 0 0 2  4 0
  88 ASP C   6.107   8.236  10.365 0 0 0 2  6 0
  89 VAL C   5.216   5.993   9.400 0 0 0 0  5 0
  90 CYS C   6.747   8.602   6.165 0 0 1 1  5 0
  91 PRO C   6.548   9.535  12.110 0 0 1 2  4 0
  92 ILE E   6.007   9.553  12.870 0 0 1 1  5 0
  93 ARG E   6.443  10.033  12.725 0 0 1 1  3 0
  94 ILE E   6.726  10.140  13.236 0 0 1 2  3 0
  95 GLY C   6.902   9.005  12.696 0 0 1 1  3 0
  96 ASP C   6.762   6.552   7.245 0 1 2 2  5 0
  97 ASN C   5.656   9.300  10.209 0 0 0 2  5 0
  98 CYS C   6.605  10.076  12.117 0 0 0 1  5 0
  99 MET E   6.653  10.008  13.092 0 0 1 2  3 0
 100 LEU E   6.492   9.877  13.226 0 1 1 2  4 0
 101 ALA C   6.680   8.193  11.924 0 0 1 1  3 0
 102 PRO C   6.527   6.216   6.303 0 0 2 3  5 0
 103 GLY C   5.768   9.210   9.948 0 1 2 2  5 0
 104 VAL C   6.250   9.796  12.232 0 0 1 1  4 0
 105 HIS E   6.674   9.992  12.634 0 0 1 3  3 0
 106 ILE E   6.433  10.090  13.477 0 0 1 1  3 0
 107 TYR E   6.867   9.234  11.556 0 0 1 2  3 0
 108 THR C   5.532   7.899  11.670 0 0 0 4  7 0
 109 ALA E   6.577  10.285  11.533 0 0 0 1  4 0
 110 THR E   7.096  10.475  13.213 0 0 0 0  0 0
 111 HIS C   6.954   8.975  12.721 0 0 0 0  0 0
 112 PRO C   6.319   8.593  11.939 0 0 0 0  0 0
 113 ILE C   5.366   7.273   9.322 0 0 0 0  0 0
 114 ASP H   6.292   8.933   8.628 0 0 0 0  0 0
 115 PRO H   5.714   5.385   7.683 0 0 0 0  0 0
 116 VAL H   5.479   4.905   5.993 0 0 0 0  0 0
 117 ALA H   5.346   5.194   6.025 0 0 0 1  2 0
 118 ARG H   5.596   5.105   6.099 0 0 1 3  4 0
 119 ASN H   5.448   6.500   7.640 0 0 0 0  1 0
 120 SER H   5.549   7.506   6.384 0 0 0 0  1 0
 121 GLY C   5.428   8.493   9.189 0 0 0 1  4 0
 122 ALA E   6.472  10.118  12.064 0 0 1 2  8 0
 123 GLU E   7.061  10.747  13.505 0 0 1 3  9 0
 124 LEU E   7.176  10.708  14.180 0 0 1 4 10 0
 125 GLY E   7.138  10.262  13.801 0 1 2 6 11 0
 126 LYS C   6.651   9.580  13.343 0 0 0 3  6 0
 127 PRO C   6.782  10.059  13.096 0 0 1 4  5 0
 128 VAL E   6.660  10.163  13.378 0 0 1 1  7 0
 129 THR E   6.681  10.162  13.324 0 0 1 2  4 0
 130 ILE E   6.666  10.163  13.544 0 0 1 2  4 0
 131 GLY C   6.996   9.170  12.823 0 0 1 2  3 0
 132 ASN C   6.800   6.490   7.337 0 1 2 2  5 0
 133 ASN C   5.637   9.244  10.095 0 0 1 2  5 0
 134 VAL C   6.633   9.952  11.740 0 0 1 1  5 0
 135 TRP E   6.416   9.725  12.972 0 0 1 2  4 0
 136 ILE E   6.349   9.617  12.938 0 0 1 1  4 0
 137 GLY C   6.697   8.646  12.209 0 0 1 1  4 0
 138 GLY C   6.541   5.951   6.786 0 1 2 4  5 0
 139 ARG C   5.495   9.041   9.392 0 0 2 2  5 0
 140 ALA C   6.617   9.933  11.567 0 0 0 1  4 0
 141 VAL E   6.673   9.823  12.840 0 0 1 2  4 0
 142 ILE E   6.255   9.831  13.372 0 0 1 1  4 0
 143 ASN C   6.918   8.948  12.415 0 0 0 1  4 0
 144 PRO C   6.531   6.095   7.060 0 1 2 3  9 0
 145 GLY C   5.616   9.004   9.459 0 0 1 3  6 0
 146 VAL C   6.678  10.020  11.512 0 0 0 1  4 0
 147 THR E   6.500   9.887  13.172 0 0 1 3  3 0
 148 ILE E   6.508   9.982  13.299 0 0 1 2  3 0
 149 GLY C   6.897   9.056  12.685 0 0 1 1  4 0
 150 ASP C   6.759   6.379   7.230 0 0 2 3  5 0
 151 ASN C   5.564   9.199   9.850 0 0 1 2  5 0
 152 VAL C   6.753   9.955  11.497 0 0 1 1  4 0
 153 VAL E   6.438   9.637  12.942 0 0 1 2  4 0
 154 VAL E   6.202   9.323  12.752 0 0 1 2  5 0
 155 ALA C   6.595   8.453  11.911 0 0 1 1  4 0
 156 SER C   6.333   5.647   6.556 0 2 2 4  5 0
 157 GLY C   5.573   9.061   9.203 0 1 2 2  5 0
 158 ALA C   6.513   9.458  10.983 0 0 1 1  5 0
 159 VAL E   6.063   9.381  12.668 0 0 1 2  4 0
 160 VAL E   6.251   9.302  11.637 0 0 0 1  5 0
 161 THR C   5.915   7.734  11.493 0 0 0 1  4 0
 162 LYS C   7.125   9.095   8.149 0 0 0 1  4 0
 163 ASP C   6.525   9.805  12.791 0 0 2 3  3 0
 164 VAL C   6.514   9.871  13.213 0 0 1 2  5 0
 165 PRO C   6.783   8.959  12.556 0 0 1 1  4 0
 166 ASP C   6.682   6.776   7.700 0 1 2 3  5 0
 167 ASN C   5.898   9.174   9.486 0 0 1 2  5 0
 168 VAL E   7.168   9.919  10.757 0 0 0 1  4 0
 169 VAL E   6.403  10.056  13.610 0 0 1 3  4 0
 170 VAL E   6.838  10.540  13.525 0 0 0 1  6 0
 171 GLY E   7.207   9.811  13.489 0 0 2 2  6 0
 172 GLY C   7.041   7.845   9.571 0 0 1 1  4 0
 173 ASN C   5.489   4.269   4.705 0 0 1 2  4 0
 174 PRO C   4.731   7.801   6.331 0 0 0 1  4 0
 175 ALA C   6.503  10.201  11.166 0 0 1 5  6 0
 176 ARG E   6.968   8.779  11.935 0 0 0 2  3 0
 177 ILE E   6.224   9.317  11.906 0 1 1 2  4 0
 178 ILE E   5.865   7.525  11.298 0 0 0 2  4 0
 179 LYS E   7.170  10.064  10.637 0 0 0 2  3 0
 180 LYS E   6.465   0.000   0.000 0 0 1 1  3 0
 181 LEU C   0.000   0.000   0.000 0 0 0 2  3 0
   0 GLY C   0.000   0.000   0.000 1 1 1 1  1 0
   1 ALA C   6.498   8.317   0.000 1 1 1 1  1 0
   2 MSE C   5.453   5.375   6.656 0 0 0 0  1 0
   3 GLY C   5.771   8.370   8.351 0 0 0 0  0 0
   4 ASN E   6.848  10.398  11.617 0 0 0 0  1 0
   5 LEU E   6.814   9.825  13.174 0 0 0 0  0 0
   6 ARG E   6.605   9.622  12.898 0 0 0 0  0 0
   7 LEU E   6.139   9.845  13.271 0 0 0 0  0 0
   8 ILE E   6.905   7.303  10.712 0 0 0 0  0 0
   9 GLY C   5.975   9.070  10.863 0 0 0 0  0 0
  10 VAL C   6.111   8.892  11.001 0 0 0 0  0 0
  11 PRO C   6.481   9.302  12.279 0 0 0 0  0 0
  12 GLU C   6.537  10.189  12.921 0 0 0 0  0 0
  13 SER C   6.935   8.822  11.489 0 0 0 0  0 0
  14 ASP C   5.316   5.304   7.564 0 0 0 0  0 0
  15 VAL C   5.753   8.750   8.983 0 0 0 0  0 0
  16 GLU C   6.354  10.111  12.363 0 0 0 0  1 0
  17 ASN C   7.060   8.123  10.711 0 0 0 0  0 0
  18 GLY H   5.563   5.305   5.914 0 0 0 0  0 0
  19 THR H   5.392   5.056   6.336 0 0 0 0  0 0
  20 LYS H   5.427   5.177   6.274 0 0 0 1  1 0
  21 LEU H   5.412   4.959   6.215 0 0 0 0  2 0
  22 GLU H   5.357   4.948   6.030 0 0 0 0  1 0
  23 ASN H   5.418   5.373   6.454 0 0 0 0  1 0
  24 THR H   5.481   5.097   6.448 0 0 0 0  1 0
  25 LEU H   5.447   4.924   6.012 0 0 0 0  1 0
  26 GLN H   5.330   5.022   6.203 0 0 0 0  1 0
  27 ASP H   5.359   5.104   6.323 0 0 0 0  1 0
  28 ILE H   5.497   5.161   6.139 0 0 0 0  1 0
  29 ILE H   5.514   5.166   5.922 0 0 0 0  1 0
  30 GLN H   5.548   5.445   6.097 0 0 0 0  1 0
  31 GLU H   5.653   5.943   5.139 0 0 0 1  1 0
  32 ASN H   6.454   7.403   5.951 0 0 0 0  1 0
  33 PHE C   6.275   9.232  10.922 0 0 0 1  2 0
  34 PRO H   5.709   5.482   9.048 0 0 0 1  2 0
  35 ASN H   5.403   4.798   6.172 0 0 0 0  0 0
  36 LEU H   5.328   5.138   6.042 0 0 0 0  1 0
  37 ALA H   5.533   5.220   6.218 0 0 0 2  3 0
  38 ARG H   5.545   5.250   6.109 0 0 0 0  1 0
  39 GLN H   5.523   8.594   8.075 0 0 0 0  1 0
  40 ALA C   5.527   8.072  10.251 0 0 0 0  1 0
  41 ASN C   5.788   8.273  11.064 0 0 0 0  1 0
  42 VAL C   5.782   8.949  10.673 0 0 0 0  1 0
  43 GLN C   5.806   9.196  11.785 0 0 0 0  0 0
  44 ILE E   6.022   9.342  11.895 0 0 0 0  0 0
  45 GLN E   6.091   7.536  11.243 0 0 0 0  0 0
  46 GLU E   7.001  10.391  11.313 0 0 0 0  0 0
  47 ILE E   6.711  10.356  13.961 0 0 0 0  3 0
  48 GLN E   7.234   9.680  12.069 0 0 0 0  2 0
  49 ARG E   6.357   8.524  12.078 0 0 0 0  0 0
  50 THR E   6.009   6.156   7.888 0 0 0 0  0 0
  51 PRO C   5.238   7.552   8.451 0 0 0 0  0 0
  52 GLN C   5.495   7.101   8.592 0 0 0 0  1 0
  53 ARG C   6.821   9.391   9.061 0 0 0 0  0 0
  54 TYR C   5.964   9.554  13.126 0 0 0 0  0 0
  55 SER C   6.954   8.370  11.035 0 0 0 0  0 0
  56 SER C   5.291   5.383   6.697 0 0 0 0  0 0
  57 ARG C   5.784   8.501   8.921 0 0 0 0  0 0
  58 ARG C   6.462   9.522  11.084 0 0 0 0  1 0
  59 ALA C   5.944   7.973  11.709 0 0 0 0  0 0
  60 THR C   7.141   9.195   8.604 0 0 0 0  0 0
  61 PRO C   6.367   9.033  12.232 0 0 0 1  4 0
  62 ARG C   6.520   9.160  12.304 0 0 0 2  8 0
  63 HIS E   6.385   9.385  12.583 0 0 1 4  7 0
  64 ILE E   6.396   9.531  12.623 0 1 2 4  8 0
  65 ILE E   6.340   9.796  12.757 0 0 1 4  9 0
  66 VAL E   6.440   9.745  12.748 0 0 1 4  9 0
  67 ARG E   6.415   9.923  13.108 0 1 1 4  7 0
  68 PHE E   6.716   8.706  11.584 0 0 1 3  7 0
  69 THR C   5.340   6.508   8.906 0 0 0 2  4 0
  70 LYS C   6.727   8.934   8.834 0 0 0 0  2 0
  71 VAL H   5.273   5.271   7.892 0 0 1 1  2 0
  72 GLU H   5.333   5.031   6.564 0 0 0 0  0 0
  73 MSE H   5.500   5.171   6.269 0 0 0 0  3 0
  74 LYS H   5.280   4.907   6.148 0 0 0 2  6 0
  75 GLU H   5.545   5.459   6.255 0 0 0 0  1 0
  76 LYS H   5.482   5.014   6.308 0 0 0 0  1 0
  77 MSE H   5.464   5.183   6.054 0 0 0 0  1 0
  78 LEU H   5.481   5.059   6.115 0 0 0 0  2 0
  79 ARG H   5.482   5.170   6.097 0 0 0 0  1 0
  80 ALA H   5.465   5.148   6.234 0 0 0 0  2 0
  81 ALA H   5.455   5.207   6.171 0 0 0 0  1 0
  82 ARG H   5.568   5.155   5.879 0 0 0 0  1 0
  83 GLU H   5.570   5.253   6.010 0 0 0 0  1 0
  84 LYS H   5.400   8.837   8.186 0 0 0 1  1 0
  85 GLY C   6.060   7.031   9.940 0 0 0 0  1 0
  86 ARG C   6.291   9.799  10.481 0 0 0 0  1 0
  87 VAL E   6.534  10.259  13.415 0 0 0 0  2 0
  88 THR E   7.185  10.029  12.482 0 0 0 0  3 0
  89 LEU E   6.271   5.096   8.504 0 0 0 1  5 0
  90 LYS C   5.265   5.275   5.004 0 0 0 0  1 0
  91 GLY C   5.585   8.482   6.413 0 0 0 0  0 0
  92 LYS E   6.650   9.225   9.769 0 0 0 1  1 0
  93 PRO E   6.581  10.257  12.670 0 1 1 2  5 0
  94 ILE E   6.911  10.277  13.340 0 0 0 4  8 0
  95 ARG E   6.970  10.088  13.301 0 0 1 2  6 0
  96 LEU E   6.416  10.107  13.672 0 0 1 2  6 0
  97 THR E   7.136   9.279  11.907 0 0 0 2  5 0
  98 VAL E   6.438   0.000   0.000 0 0 1 2  5 0
  99 ASP C   0.000   0.000   0.000 0 1 2 4  6 0
   0 ASN H   0.000   0.000   0.000 1 1 1 1  1 0
   1 ALA H   5.675   5.482   0.000 1 1 1 1  1 0
   2 GLN H   5.468   5.050   6.236 0 0 0 1  1 0
   3 ALA H   5.460   5.246   6.290 0 0 0 1  1 0
   4 GLU H   5.371   4.941   6.359 0 0 0 0  1 0
   5 GLU H   5.361   5.123   6.255 0 0 0 0  1 0
   6 PHE H   5.450   5.087   6.435 0 0 0 0  1 0
   7 LYS H   5.313   4.935   6.237 0 0 0 0  1 0
   8 LYS H   5.436   5.201   6.264 0 0 0 0  1 0
   9 TYR H   5.427   5.184   6.365 0 0 0 0  1 0
  10 LEU H   5.512   4.963   6.007 0 0 0 0  1 0
  11 GLU H   5.390   5.239   6.433 0 0 0 0  1 0
  12 THR H   5.255   4.873   6.523 0 0 0 0  1 0
  13 ASN H   5.452   7.415   4.853 0 0 0 0  1 0
  14 GLY C   5.913   9.220   9.616 0 0 0 0  1 0
  15 ILE C   6.397   9.962  12.213 0 0 1 2  2 0
  16 LYS C   6.791   9.490  12.812 0 0 0 0  2 0
  17 PRO C   6.604  10.032  13.131 0 0 0 0  0 0
  18 LYS E   6.725   9.961  13.270 0 0 0 0  0 0
  19 GLN E   6.700  10.368  13.488 0 0 0 0  0 0
  20 PHE E   6.992  10.402  13.570 0 0 0 0  0 0
  21 HIS E   6.947   8.632  12.410 0 0 0 0  0 0
  22 LYS C   6.314   5.745   6.411 0 0 0 0  0 0
  23 LYS C   5.647   8.746   8.808 0 0 0 0  0 0
  24 GLU C   6.605   9.483  10.445 0 0 0 0  1 0
  25 LEU E   6.387   8.931  11.795 0 0 0 0  0 0
  26 ILE E   5.309   6.255   9.861 0 0 0 0  1 0
  27 PHE E   6.882  10.484   9.726 0 0 0 0  0 0
  28 ASN C   7.079   8.820  12.149 0 0 0 0  0 0
  29 GLN C   5.615   5.986   7.680 0 0 0 0  0 0
  30 TRP C   5.842   8.459   9.405 0 0 0 0  0 0
  31 ASP C   6.389   8.808   9.711 0 0 0 0  1 0
  32 PRO C   5.365   7.140   9.867 0 0 0 0  0 0
  33 GLN C   6.722  10.148   9.777 0 0 0 0  0 0
  34 GLU C   6.795  10.486  13.816 0 0 0 0  0 0
  35 TYR E   7.222   9.681  12.653 0 0 0 0  1 0
  36 CYS E   6.156   9.628  13.289 0 0 0 0  0 0
  37 ILE E   6.552   9.337  11.841 0 0 0 0  0 0
  38 PHE E   5.738   8.929  12.299 0 0 0 0  0 0
  39 LEU E   5.857   9.143  11.517 0 0 0 0  0 0
  40 TYR E   5.915   7.294  11.008 0 0 0 0  1 0
  41 ASP E   6.990   9.494   8.486 0 0 0 0  0 0
  42 GLY C   7.091   9.609  11.006 0 0 0 0  0 0
  43 ILE E   6.730  10.441  13.226 0 0 0 0  0 0
  44 THR E   7.133  10.483  13.451 0 0 0 0  0 0
  45 LYS E   6.904   9.597  13.237 0 0 0 0  0 0
  46 LEU E   6.228  10.040  13.415 0 0 0 0  0 0
  47 THR E   7.134  10.650  13.122 0 0 0 0  0 0
  48 SER E   6.995  10.208  13.723 0 0 0 0  0 0
  49 ILE E   6.690  10.005  13.596 0 0 0 0  0 0
  50 SER C   6.696   7.501  11.039 0 0 0 0  0 0
  51 GLU C   4.953   5.389   5.664 0 0 0 0  0 0
  52 ASN C   5.563   7.509   5.374 0 0 0 0  0 0
  53 GLY C   5.337   8.774   9.866 0 0 0 1  1 0
  54 THR C   6.463   9.561  10.899 0 0 0 2  2 0
  55 ILE E   6.503  10.037  12.991 0 0 1 2  4 0
  56 MET E   6.688   9.452  12.467 0 0 0 2  4 0
  57 ASN E   6.053   9.407  12.472 0 0 1 1  4 0
  58 LEU E   6.149   8.058  11.786 0 0 0 2  4 0
  59 GLN E   7.167  10.334  11.457 0 0 0 2  3 0
  60 TYR E   6.797  10.380  13.882 0 1 1 2  4 0
  61 TYR E   6.910  10.436  13.633 0 0 0 2  4 0
  62 LYS E   6.843   8.407  12.181 0 1 1 2  6 0
  63 GLY C   6.028   6.471   6.982 0 2 3 4  6 0
  64 ALA C   5.186   8.358   9.340 0 1 1 2  6 0
  65 PHE E   7.182  10.105  10.344 0 0 0 2  5 0
  66 VAL E   6.734  10.171  13.531 0 0 1 2  4 0
  67 ILE E   6.616  10.023  13.276 0 0 0 2  4 0
  68 MET E   6.565   9.253  12.120 0 1 1 2  4 0
  69 SER C   5.563   7.398  10.969 0 0 0 2  4 0
  70 GLY C   7.111   9.208   8.179 0 0 0 1  3 0
  71 PHE C   6.313   8.625  12.140 0 0 0 0  0 0
  72 ILE C   5.549   5.615   7.772 0 0 0 0  0 0
  73 ASP C   6.084   5.446   4.893 0 0 0 0  0 0
  74 THR C   5.620   8.286   8.123 0 0 0 0  1 0
  75 GLU C   5.402   8.690  10.928 0 0 1 2  3 0
  76 THR C   6.881   8.910   9.958 0 0 1 2  4 0
  77 SER C   6.598   8.986  11.938 0 1 1 2  4 0
  78 VAL C   5.335   7.014  10.653 0 0 0 2  3 0
  79 GLY C   7.165   8.203   8.601 0 0 0 0  3 0
  80 TYR C   5.571   9.240  11.316 0 0 1 1  4 0
  81 TYR C   7.077  10.384  11.676 0 0 1 3  6 0
  82 ASN E   6.773   9.620  13.152 0 1 1 5  8 0
  83 LEU E   6.176   9.813  13.202 0 0 1 5  8 0
  84 GLU E   6.771   9.620  12.370 0 0 1 5 10 0
  85 VAL E   6.387   9.416  12.284 0 1 2 4 11 0
  86 ILE C   5.910   7.736  11.325 0 0 1 3  7 0
  87 SER C   6.478   7.849   7.358 0 0 0 3  5 0
  88 GLU C   5.322   6.623   8.434 0 0 1 2  3 0
  89 GLN E   7.053  10.616  10.321 0 1 1 3  6 0
  90 ALA E   6.983  10.149  13.579 0 1 1 4 10 0
  91 THR E   6.584  10.323  13.775 0 0 1 4  8 0
  92 ALA E   7.195   9.809  12.224 0 1 1 5  9 0
  93 TYR E   6.285   9.646  13.294 0 0 2 3  9 0
  94 VAL E   6.425  10.079  12.985 0 0 1 1  6 0
  95 ILE E   6.817   9.293  12.093 0 0 0 2  4 0
  96 LYS E   6.167   8.385  12.003 0 1 1 1  4 0
  97 ILE H   5.692   5.554   6.616 0 0 1 2  8 0
  98 ASN H   5.286   5.106   6.626 0 0 0 0  2 0
  99 GLU H   5.664   5.412   6.546 0 0 0 0  1 0
 100 LEU H   5.175   5.254   7.002 0 0 0 0  3 0
 101 LYS H   5.550   4.998   6.332 0 0 0 0  2 0
 102 GLU H   5.343   5.356   6.083 0 0 0 0  1 0
 103 LEU H   5.700   5.201   6.010 0 0 0 0  1 0
 104 LEU H   5.451   5.648   6.668 0 0 0 0  1 0
 105 SER H   5.431   5.430   6.989 0 0 0 0  1 0
 106 LYS C   5.752   6.804   6.576 0 0 0 0  1 0
 107 ASN H   6.607   9.118   9.866 0 0 0 0  1 0
 108 LEU H   5.421   5.607   8.703 0 0 0 0  1 0
 109 THR H   5.459   4.743   6.195 0 0 0 0  0 0
 110 HIS H   5.437   5.127   5.886 0 0 0 0  2 0
 111 PHE H   5.150   4.849   6.381 0 0 1 1  3 0
 112 PHE H   5.480   5.391   6.322 0 0 0 1  1 0
 113 TYR H   5.481   4.971   6.112 0 0 0 0  3 0
 114 VAL H   5.513   5.228   5.934 0 0 0 0  2 0
 115 PHE H   5.435   5.187   6.502 0 0 0 0  1 0
 116 GLN H   5.416   5.387   6.735 0 0 0 1  1 0
 117 THR H   5.461   4.884   6.457 0 0 0 0  3 0
 118 LEU H   5.241   4.994   6.277 0 0 0 0  1 0
 119 GLN H   5.334   5.009   6.354 0 0 0 0  1 0
 120 LYS H   5.398   5.161   6.198 0 0 0 0  1 0
 121 GLN H   5.517   5.333   6.272 0 0 0 0  1 0
 122 VAL H   5.476   4.992   5.959 0 0 0 0  1 0
 123 SER H   5.451   5.423   6.252 0 0 0 0  1 0
